60

0030 wunsam. 10100101111300011 111.

1100011 811100 Κο1001011. 11οἰ1111001 pm
11010111 w Krakowie 0011111001.

1089. 00011110011611100 11110030 1111110111-
111130, ’1111110011 11101161. 1 01101110.
11161111. 1101101111 1011010111 1111111111.

1690. 1000110011 6010111 1011011111030.
6111011111, X. Lit. 1101001111 1011010111
11 0111101110 0011111001.

1591. 110001110010 101100 11110030 Koron.

111111111011030. 1101111111 1011010111.
1693. 1001110011 611100 11110130 War-
11111111030. 1101101111 1011010111.
1696. Κο0111111010 601010 111110. 0011101-
111 1106010111 11 1111101110 0011111001.
1696. 1001110010 601100 11110030 101110.

1608. Κο011110011 501010 11110030 1111111.
0011101011 1100010111.

1601. [10001110010611010 1111111. 0011101-
111 1106010111. 1011101011 60 11011010 011
(0011101010).

1602. 0011101011 1011010111 01 6010110 1111-
101011101 0011111001.

1603. 0011101111 1011010111 11 1111101110
00111111οο1.

1607, [10011110010 601101 wmzmkiogo.
0011111111 1011010111.

1609. 110011110010 601100 0111011111030.
0011111111 0011010111. 61111111 110110011-
1110 0011131 1110111 1110601101.

00111· 161 60011110010 0101100 6101011100,
11610 1060111 1111111101 3010111 Ρ1011-
10110111, 111111 60 1160030 0111010 0110-
106 0111111

1611. 0001610010 00110 11110130 1101000030
w Wamawie 11100111, 6011 61100111030
1111100161. (11011) 0110600111161011111).
Cum gratia 11 privilegio 611. 16. 11 1111-
101110 11 6101110101 10610111 01011101·
01111 111611 «161. 1111031111 10110, 11111
1110101111, 111. 19, (1130. 0,) 0110 0011101111
0011010111 1111 10 nlb., 0130. 01011010,
10 0011111111 10011110011 choi-1 Piotr·
10110111 11110116 60 11110111 0010010111-
0130 01111110 1 10, 1611011111100 0 6010
1111 1100006011 „Consti-¹⁴.

1613. constitucionem 11110130 1101οο00-
30 11 0111011110 1010 16001111. 0010-
11110111130 001130. (11011) 0110111 1161.)
0010 311111 11 privilegio 61111. 11111-
101110 w 61011101 Αο610011Ρ10111011001-
11 111611 J. Μ. 1131031111. 111111 11111-
10111, 111. 60. (1130.1“,). 01101 idtio: Uni-
1101111 1011010111, 1111 1110111. 113. 0,.

1613. 00011111 6111011 1101000130 110111111-
111030 1010 11001111 6011610601011130
0011111030 (11116011. (11010 01106, i 11101).
000] 311111 11 privilegio S. R. M. 11 Kra-
101110 w 61011101 1106100111 Ρ10111011001-
11 111611 J. Ι.. 0111031111, 011601 111111
11101, 111. 12. 1130, 0,. 0011111111 110110-
10111 11110111. 11. 0130. 0,.

1616. 000111111οὶ1 &yma 11110130 1101000030

10111111ιῇ130 1010 1111111130 11001111
011116 1111111011 (berb 01106. 1 11161).
Cum 311111 01 111111Ιο3100. R 11. w Κη-
101110 w 61011101 10611011 0101110001]-
11 111611 J. M. 1111031111. 011600 111111
11101, 1116011300, 0011101111 110110
my 11111 100111, 11311 0,.

1616. 000011100ίο 611100 11110030 3001·
1110030 1111001011030 1010 1110111030
1100111101 (herb. 01106 111061). cam
gratia 11 1111110310 611. 11. 11 1010101111
w 61011101 10611011 1101110οω11οΚ16·
11 J. M, Τ111031111, 0111600 11111 11101
111. 6, 0130. R 0011101111 1011010111 1111
11 nlb., (1111130 [1001101011 06 Β, 60
0,, 11161611 1011 01131101 61110110 Kon-
11110011, 116101110001100001101011111).

1619. 0000610010 101010 11110030 1111110111-
011030 10110 1106011030 mmm. (11011)
01106. 1116110010 311111 01 1111110310
S. R. 11. 11 1111101111 116101010101 An·
610011 Ρὶο111ον100111 1116116. 161100-

31111. 011601 11111 11101. 011. 6, 0130. A„
0011101111 1011010111 11111 12, 06 B 60 0,.

1620. 0001610011 101100 11110030 1101000130
111110111110030 1010 0111111030 MDcxx
(11011) 01106. 1 1116110010 311111 01 pri·

1111310 6. Β. M. 11 1111101111 11610111- ,
011160610111 Ρ100101101111111611 J. 11. 1

emm, 0110 my tymi. ,1. 11, ,

1130. 0,. 0011101101 0011010111 111111
nlb., 0131. 06 0 d· Ρ,

1621. 0001611010 0010100110030 1101000130
01111111110301010116011130 noem
(1116 01106. i 1161). 0010 311111 nt pri·

111ς106 B. 61. w 1111101111 11610111· 1
0110611011 1111111011οψ xre· J. 11. ζ

mnf* 0160 my 00110· 0016. ‘
1130. 0,. 0011111111 1011110111 160111, ,

1130. 061--11,Ι ³
1622. 0600611010 101010 11110030 1010001311 ξ

11111110011030 1010 0111111130 11001111, ξ
(110101 1111110 01106. 1 1161). 0010 311111 ξ
01 0111110310 6. R. 11. 11 0111111010 w 610· )
kmi 6011611061 Ρ10111 010111 Ι1, Κ. 11. ’

11611· [fos

1623. 0001610010 101010 11110030 300111101-
30 1111111111, 1010 1111111030 110οΗ111
(110101 11011111 01106. 1 1161.) eum 311111 ·
11 privilegio 6. R. 11. 11 1011011111 601-
11101 10610111 010110101111 111611 J.
M. Typografa. 0111601 1111111101. 111. 16,
1130. 0,, om 0011101111 1011010111.

810310100οω, 11611 01111 1101ος 1101110
01106. 11161. 0610100οο 111110 016061
10001 11011111 1111111110 131611 aig.

1626. connitum 101010 11110030 [mnne.
30 wmwnkiago 1010 1100111111. (ry-
0101 1101110 01106. 1 1161). 0100 31111101
privilegio S. 11. M. 11 6111111110 11 6111-
kmi 60610011 Piottkowuyh 110611 J.
16 0111031111. optim 111111 11101111·

 

 

