nousfflucm

51515551 jen 5555551555;1510.115555

moyn 5555 1151555555 55 8555515 51515-

15551155 56 1555555515 Aug.
1557. 8151515 855555 wan-mmo.
1562-1563. 1551515555855555 5155155-

511555 1561 555551551563 6515555555.
1563-1561. 115551515555 855555 1155555555

1155555511555.
1565115551515555 55665 555555 55 855·

5515 515151555155 555551555.
1561. 11511555555 ο 5511 855555 11555555-

skiogo:

5) 1155555 51515 5511.

5) [15155155 5565 5555 55555515.

5) 1555551155· 51555555 551515515 1155155

0151551551 worn. do Korony.

d· Pnywiloy 551655 55555555 551515515

1115515 0151551555. 1151555.

5) 1151555551 55555555.

s) 1151555551 55 5565565.
15651151555551 55 5565565 555555 51515-

1555151555.

5) 1555155555 555555 5155155511555.

5) 0 5115651555 1 5155555 6555555.Ι

5) 1151555551 55555555.
1566. 1155555 555155 5555511555.

1567. 115551515555 555515 5155155511555. -
1151555551 55555555.

1569. 155551155 555555655515 515551 55615-
51155 65 1155555. 1555551155 555555655-
nia 515515515551155 651561. 1515. 1555-
551155 555555655515 11155155 1155551155)
do Korony. Puywiloy 51515 5511 W. X.
Lit 51155555. 151515555515 5511 5515655
555565 151. 1 11155. 8555155555 15151155
1111 55555555515 5151555151155 555556·
11555 5556515555155155 55515. 115551515-
555 855555 5515555 555555 555565 unio-
555555 1515. 1 111. 1151555551· 555555-
55 na 8555515 5555151155. 115551515555
855555 111555555511555 o 5565515 55555-
155 555151 5565155515555 15555.

1572. 1155155 5 1155155515 na 555515 55555-
15555. 155156555551155555155 115555.

1573. 15555651551555 55 8515515 5515555
65 5151555515 555555 15615. 115155155155-
555555 55 5151551 11615 555555. 05555·-
551551515615 555555 55555555 Η555515.
0555551555 51655 55555555555555155·
151155151555555555551555 555165 1 55-
51551565 65 1555551. 15515 conventa od
narodu 5515. 1155551551 556555 (55155).
1555515555 51555 11555515 55155555 5 15-
5515155155).

1571. 1556555555 5555 1 5555555165 Κο-
5555555 51555 Η55551555 5555515 1515-
5555555555.

0555151 55555555 5551515515. 55155515 55
5155515 1115 just 15151 5555552 (155511-
155151 5155511515 55555555 55 5555555515
J. 11. 1151 115515 statana (555155 5515 pol-
511555, 55 1165555 515551555 5555 156155-
511) w 1151155515 5 65515551 Andusia

mmmmm. 19

115515555515 1155151. 11. 15555555 ro·
15 5551511555 1641.

11551555151655

1575, 115156551551551555 5 5151551 51555
1515511155 15515555 551515, 8151555 Β5-
15555555 15515 5515. w 1155555515 (55
1551515.

1576. 1151555551 55 515555 555555 51515-
55555 1 55555655 55 55655515πί5 5551555-
515555 1551555551 5151551 115615 8151555
w 15655515πί5 (55 1551515). 115555555515 ’
155555551 15615 55 65155 8 1155151515.
05555515515 5 5555515 15615 555555555-
niem 1515555551 5 5555556515 5515651515.
hist 51555515155 6555 1155551551 851151
w 11555155 10 1551555 1551551515). 15151
5 5551555555 5555515655 w 15151515 5515-
515 51555155 81551. (5515515515). 15515
55555515 5 8 1551555 (55 155). 1155115-
moyn 5511555 655555 5155651 Η55151ον
51 (551551515). Κ5565555555 551155 go·
5555155 8 hungo (55 155.) 115555555555
156155515 55555655 5 55655555515. 05551·
5515515 5 1555555551 15515(55155). 1155-
15555555 5555 5555511155155555115555
55555 15515 (551551515).

1577. 115551515555 555555 55515. 11551555.
1555555551 115615 Stefana. Excepta abo
55555515 55155. 11555515511555. 1151555-
551 55555555 5 555515 556 (1655511555.
1151555551 55 5565565 na Sejmie War-
5555551155.

1578. [1555515555 855555 11555555511555
5 556515551555555151155. 115155555155-
555555 na 655 1515 5555551555.

1580.11515555551551)55ο55 55 551 55555-
1555.

1581. 115551515555 855555 55155551155555-
511555. 1151555551555555555. ’

1586. Κ55156555555 Wdztw Krakows. San-

dom. i 555515. 55 15515551 Stefana. 1155·
155 55 15615 81515515.
1587. 1551655555 11555551551115555555.
1551555515515 55555555115. 1555515555
1165155 8556555155. 556 1515555ῃὶ55 115-
5555 1155555511 51515 5151551 1555555515
1115515615 55511555. 15555515 5151551
1555555515 1555515555 556 11111155. (151515
(1515 65 55565 w 1155155515 55555515.

1588. 0555551551551515551 Ζ55555515 111.
(55 1551515).

155555 5555151 5155155555 joaz 515515, mimo
to 55 atr. 1111 jest 5555551551 1555511515
1 15551515515 55555555 55 55555551511156-
1555. 11115151155555515111 5515 5555115-
go Mnbxxxvm. 111555 5555511555 1 115-
1555511). 5 1155515515 5 6151555155 556555-
15 1151515555515 115515 1. 51. 15555515
5. 5 1637.

1555555 idq:

111 555551551155 1551515). 115511555555 55-
5555155 5555 (551551 115511555555 55-
15555155 155) 115551515555 555555 551-

7

 

